Kera;5.0;314.1592653589793;31.41592653589793;523.5987755982989
Kera;5.0;314.1592653589793;31.41592653589793;523.5987755982989
Kera;5.0;314.1592653589793;31.41592653589793;523.5987755982989
Kera;5.0;314.1592653589793;31.41592653589793;523.5987755982989
Kera;5.0;314.1592653589793;31.41592653589793;523.5987755982989
Silinder;5.0;5.0;314.1592653589793;157.07963267948966;392.69908169872417
Silinder;5.0;7.0;376.99111843077515;219.9114857512855;549.7787143782139
Kera;6.0;452.3893421169302;37.69911184307752;904.7786842338603
Silinder;5.0;4.0;282.7433388230814;125.66370614359172;314.1592653589793
Silinder;53.0;46.0;32967.87330677129;15318.40577890383;405937.75314095157
Silinder;534.0;466.0;3355220.954033899;1563532.964579797;4.174633015428058E8
Kera;72.0;65144.06526483795;452.3893421169302;1563457.5663561106
Kera;72.0;65144.06526483795;452.3893421169302;1563457.5663561106
Kera;777.0;7586682.364636449;4882.034983678538;1.96495073244084E9
Kera;5.0;314.1592653589793;31.41592653589793;523.5987755982989
Silinder;7.0;7.0;615.7521601035994;307.8760800517997;1077.566280181299
Silinder;7.0;7.0;615.7521601035994;307.8760800517997;1077.566280181299
Silinder;7.0;7.0;615.7521601035994;307.8760800517997;1077.566280181299
Silinder;7.0;7.0;615.7521601035994;307.8760800517997;1077.566280181299
Silinder;7.0;7.0;615.7521601035994;307.8760800517997;1077.566280181299
Silinder;7.0;7.0;615.7521601035994;307.8760800517997;1077.566280181299
Silinder;7.0;7.0;615.7521601035994;307.8760800517997;1077.566280181299
Silinder;7.0;7.0;615.7521601035994;307.8760800517997;1077.566280181299
Silinder;7.0;7.0;615.7521601035994;307.8760800517997;1077.566280181299
Silinder;7.0;7.0;615.7521601035994;307.8760800517997;1077.566280181299
Silinder;7.0;7.0;615.7521601035994;307.8760800517997;1077.566280181299
Silinder;7.0;7.0;615.7521601035994;307.8760800517997;1077.566280181299
Silinder;7.0;7.0;615.7521601035994;307.8760800517997;1077.566280181299
Kera;6.0;452.3893421169302;37.69911184307752;904.7786842338603
Kera;6.0;452.3893421169302;37.69911184307752;904.7786842338603
Kera;6.0;452.3893421169302;37.69911184307752;904.7786842338603
Kera;6.0;452.3893421169302;37.69911184307752;904.7786842338603
Kera;6.0;452.3893421169302;37.69911184307752;904.7786842338603
Silinder;3.0;78.0;1526.8140296446395;1470.2653618800232;2205.398042820035
Silinder;3.0;78.0;1526.8140296446395;1470.2653618800232;2205.398042820035
Silinder;3.0;78.0;1526.8140296446395;1470.2653618800232;2205.398042820035
Silinder;3.0;78.0;1526.8140296446395;1470.2653618800232;2205.398042820035
Silinder;3.0;78.0;1526.8140296446395;1470.2653618800232;2205.398042820035
Kera;5.0;314.1592653589793;31.41592653589793;523.5987755982989
Silinder;5.0;5.0;314.1592653589793;157.07963267948966;392.69908169872417
Silinder;5.0;6.0;345.57519189487726;188.49555921538757;471.23889803846896
Kera;9.0;1017.8760197630929;56.548667764616276;3053.6280592892786
Kera;0.0;0.0;0.0;0.0
Kera, 5.0, 314.1592653589793, 31.41592653589793, 523.5987755982989,
Silinder, 6.0, 7.0, 490.0884539600077, 263.89378290154264, 791.6813487046279,
Kera, 5.0, 314.1592653589793, 31.41592653589793, 523.5987755982989,
Silinder, 7.0, 8.0, 659.7344572538566, 351.85837720205683, 1231.5043202071988,
Silinder, 1.0, 1.0, 12.566370614359172, 6.283185307179586, 3.141592653589793,
Kera, 5.0, 314.1592653589793, 31.41592653589793, 523.5987755982989,
Silinder, 1.0, 1.0, 12.566370614359172, 6.283185307179586, 3.141592653589793,
Kera, 5.0, 314.1592653589793, 31.41592653589793, 523.5987755982989,
Silinder, 1.0, 1.0, 12.566370614359172, 6.283185307179586, 3.141592653589793,
Kera, 5.0, 314.1592653589793, 31.41592653589793, 523.5987755982989,
